{
 "cells": [
  {
   "cell_type": "code",
   "execution_count": 6,
   "metadata": {},
   "outputs": [
    {
     "data": {
      "text/html": [
       "        <script type=\"text/javascript\">\n",
       "        window.PlotlyConfig = {MathJaxConfig: 'local'};\n",
       "        if (window.MathJax) {MathJax.Hub.Config({SVG: {font: \"STIX-Web\"}});}\n",
       "        if (typeof require !== 'undefined') {\n",
       "        require.undef(\"plotly\");\n",
       "        requirejs.config({\n",
       "            paths: {\n",
       "                'plotly': ['https://cdn.plot.ly/plotly-latest.min']\n",
       "            }\n",
       "        });\n",
       "        require(['plotly'], function(Plotly) {\n",
       "            window._Plotly = Plotly;\n",
       "        });\n",
       "        }\n",
       "        </script>\n",
       "        "
      ]
     },
     "metadata": {},
     "output_type": "display_data"
    },
    {
     "data": {
      "text/html": [
       "        <script type=\"text/javascript\">\n",
       "        window.PlotlyConfig = {MathJaxConfig: 'local'};\n",
       "        if (window.MathJax) {MathJax.Hub.Config({SVG: {font: \"STIX-Web\"}});}\n",
       "        if (typeof require !== 'undefined') {\n",
       "        require.undef(\"plotly\");\n",
       "        requirejs.config({\n",
       "            paths: {\n",
       "                'plotly': ['https://cdn.plot.ly/plotly-latest.min']\n",
       "            }\n",
       "        });\n",
       "        require(['plotly'], function(Plotly) {\n",
       "            window._Plotly = Plotly;\n",
       "        });\n",
       "        }\n",
       "        </script>\n",
       "        "
      ]
     },
     "metadata": {},
     "output_type": "display_data"
    }
   ],
   "source": [
    "import pandas as pd\n",
    "import numpy as np\n",
    "from sklearn.model_selection import train_test_split\n",
    "from sklearn.linear_model import LogisticRegression\n",
    "from sklearn.ensemble import RandomForestClassifier,VotingClassifier\n",
    "from sklearn.tree import DecisionTreeClassifier\n",
    "from sklearn.neighbors import KNeighborsClassifier\n",
    "from sklearn import metrics\n",
    "from sklearn.preprocessing import StandardScaler,MinMaxScaler\n",
    "from sklearn.pipeline import Pipeline\n",
    "import plotly\n",
    "from plotly.offline import download_plotlyjs,init_notebook_mode\n",
    "init_notebook_mode(connected=True)\n",
    "import cufflinks as cf\n",
    "cf.go_offline()\n",
    "import plotly.express as px\n",
    "from sklearn.model_selection import GridSearchCV,RandomizedSearchCV\n",
    "from sklearn.ensemble import AdaBoostClassifier,GradientBoostingClassifier\n",
    "from sklearn.svm import SVC\n",
    "from xgboost import XGBClassifier\n",
    "import pickle"
   ]
  },
  {
   "cell_type": "code",
   "execution_count": 9,
   "metadata": {},
   "outputs": [],
   "source": [
    "data = pd.read_csv('pima-data.csv')"
   ]
  },
  {
   "cell_type": "code",
   "execution_count": 10,
   "metadata": {
    "scrolled": true
   },
   "outputs": [
    {
     "data": {
      "text/html": [
       "<div>\n",
       "<style scoped>\n",
       "    .dataframe tbody tr th:only-of-type {\n",
       "        vertical-align: middle;\n",
       "    }\n",
       "\n",
       "    .dataframe tbody tr th {\n",
       "        vertical-align: top;\n",
       "    }\n",
       "\n",
       "    .dataframe thead th {\n",
       "        text-align: right;\n",
       "    }\n",
       "</style>\n",
       "<table border=\"1\" class=\"dataframe\">\n",
       "  <thead>\n",
       "    <tr style=\"text-align: right;\">\n",
       "      <th></th>\n",
       "      <th>num_preg</th>\n",
       "      <th>glucose_conc</th>\n",
       "      <th>diastolic_bp</th>\n",
       "      <th>thickness</th>\n",
       "      <th>insulin</th>\n",
       "      <th>bmi</th>\n",
       "      <th>diab_pred</th>\n",
       "      <th>age</th>\n",
       "      <th>skin</th>\n",
       "      <th>diabetes</th>\n",
       "    </tr>\n",
       "  </thead>\n",
       "  <tbody>\n",
       "    <tr>\n",
       "      <th>0</th>\n",
       "      <td>1</td>\n",
       "      <td>122</td>\n",
       "      <td>90</td>\n",
       "      <td>51</td>\n",
       "      <td>220</td>\n",
       "      <td>49.7</td>\n",
       "      <td>0.325</td>\n",
       "      <td>31</td>\n",
       "      <td>2.0094</td>\n",
       "      <td>1</td>\n",
       "    </tr>\n",
       "    <tr>\n",
       "      <th>1</th>\n",
       "      <td>1</td>\n",
       "      <td>163</td>\n",
       "      <td>72</td>\n",
       "      <td>0</td>\n",
       "      <td>0</td>\n",
       "      <td>39.0</td>\n",
       "      <td>1.222</td>\n",
       "      <td>33</td>\n",
       "      <td>0.0000</td>\n",
       "      <td>1</td>\n",
       "    </tr>\n",
       "    <tr>\n",
       "      <th>2</th>\n",
       "      <td>1</td>\n",
       "      <td>151</td>\n",
       "      <td>60</td>\n",
       "      <td>0</td>\n",
       "      <td>0</td>\n",
       "      <td>26.1</td>\n",
       "      <td>0.179</td>\n",
       "      <td>22</td>\n",
       "      <td>0.0000</td>\n",
       "      <td>0</td>\n",
       "    </tr>\n",
       "    <tr>\n",
       "      <th>3</th>\n",
       "      <td>0</td>\n",
       "      <td>125</td>\n",
       "      <td>96</td>\n",
       "      <td>0</td>\n",
       "      <td>0</td>\n",
       "      <td>22.5</td>\n",
       "      <td>0.262</td>\n",
       "      <td>21</td>\n",
       "      <td>0.0000</td>\n",
       "      <td>0</td>\n",
       "    </tr>\n",
       "    <tr>\n",
       "      <th>4</th>\n",
       "      <td>1</td>\n",
       "      <td>81</td>\n",
       "      <td>72</td>\n",
       "      <td>18</td>\n",
       "      <td>40</td>\n",
       "      <td>26.6</td>\n",
       "      <td>0.283</td>\n",
       "      <td>24</td>\n",
       "      <td>0.7092</td>\n",
       "      <td>0</td>\n",
       "    </tr>\n",
       "  </tbody>\n",
       "</table>\n",
       "</div>"
      ],
      "text/plain": [
       "   num_preg  glucose_conc  diastolic_bp  thickness  insulin   bmi  diab_pred  \\\n",
       "0         1           122            90         51      220  49.7      0.325   \n",
       "1         1           163            72          0        0  39.0      1.222   \n",
       "2         1           151            60          0        0  26.1      0.179   \n",
       "3         0           125            96          0        0  22.5      0.262   \n",
       "4         1            81            72         18       40  26.6      0.283   \n",
       "\n",
       "   age    skin  diabetes  \n",
       "0   31  2.0094         1  \n",
       "1   33  0.0000         1  \n",
       "2   22  0.0000         0  \n",
       "3   21  0.0000         0  \n",
       "4   24  0.7092         0  "
      ]
     },
     "execution_count": 10,
     "metadata": {},
     "output_type": "execute_result"
    }
   ],
   "source": [
    "data.head()"
   ]
  },
  {
   "cell_type": "code",
   "execution_count": 70,
   "metadata": {},
   "outputs": [],
   "source": [
    "X=data.iloc[:,1:-1]\n",
    "y=data.iloc[:,-1]\n",
    "y = y.astype('float')\n",
    "X = X.astype('float')\n",
    "X_train,X_test,y_train,y_test = train_test_split(X,y,test_size=0.4,random_state=0)"
   ]
  },
  {
   "cell_type": "code",
   "execution_count": 71,
   "metadata": {},
   "outputs": [
    {
     "data": {
      "application/vnd.plotly.v1+json": {
       "config": {
        "linkText": "Export to plot.ly",
        "plotlyServerURL": "https://plot.ly",
        "showLink": true
       },
       "data": [
        {
         "colorscale": [
          [
           0,
           "rgb(255, 153, 51)"
          ],
          [
           0.1111111111111111,
           "rgb(55, 128, 191)"
          ],
          [
           0.2222222222222222,
           "rgb(50, 171, 96)"
          ],
          [
           0.3333333333333333,
           "rgb(128, 0, 128)"
          ],
          [
           0.4444444444444444,
           "rgb(219, 64, 82)"
          ],
          [
           0.5555555555555556,
           "rgb(0, 128, 128)"
          ],
          [
           0.6666666666666666,
           "rgb(255, 255, 51)"
          ],
          [
           0.7777777777777778,
           "rgb(128, 128, 0)"
          ],
          [
           0.8888888888888888,
           "rgb(251, 128, 114)"
          ],
          [
           1,
           "rgb(128, 177, 211)"
          ]
         ],
         "type": "heatmap",
         "x": [
          "num_preg",
          "glucose_conc",
          "diastolic_bp",
          "thickness",
          "insulin",
          "bmi",
          "diab_pred",
          "age",
          "skin",
          "diabetes"
         ],
         "y": [
          "num_preg",
          "glucose_conc",
          "diastolic_bp",
          "thickness",
          "insulin",
          "bmi",
          "diab_pred",
          "age",
          "skin",
          "diabetes"
         ],
         "z": [
          [
           1,
           0.11310642068494893,
           0.12924351478441978,
           -0.06844000535099158,
           -0.0647737314300797,
           0.013869036537558225,
           -0.0056228219426940245,
           0.5475358398973866,
           -0.06844000535099141,
           0.2218095277751812
          ],
          [
           0.11310642068494893,
           1,
           0.13206102616804258,
           0.05895775407790056,
           0.31137262328452897,
           0.2090339021831938,
           0.12267584034745843,
           0.2403905590198253,
           0.05895775407790043,
           0.47096794323014696
          ],
          [
           0.12924351478441978,
           0.13206102616804258,
           1,
           0.2174456892772791,
           0.0866871801750336,
           0.2578665076191638,
           0.02696461465334174,
           0.21371053470490253,
           0.21744568927727898,
           0.05730381994505842
          ],
          [
           -0.06844000535099158,
           0.05895775407790056,
           0.2174456892772791,
           1,
           0.4386496218557913,
           0.40367320544672913,
           0.18719330162607342,
           -0.12869030108071064,
           0.9999999999999934,
           0.07313282820569975
          ],
          [
           -0.0647737314300797,
           0.31137262328452897,
           0.0866871801750336,
           0.4386496218557913,
           1,
           0.20734076110188487,
           0.20506408622844008,
           -0.08985939602803043,
           0.4386496218557906,
           0.1172002423642094
          ],
          [
           0.013869036537558225,
           0.2090339021831938,
           0.2578665076191638,
           0.40367320544672913,
           0.20734076110188487,
           1,
           0.11327466050930501,
           0.00596381237586612,
           0.40367320544672847,
           0.2967276648831572
          ],
          [
           -0.0056228219426940245,
           0.12267584034745843,
           0.02696461465334174,
           0.18719330162607342,
           0.20506408622844008,
           0.11327466050930501,
           1,
           0.013084132900609514,
           0.18719330162607303,
           0.17563217141962645
          ],
          [
           0.5475358398973866,
           0.2403905590198253,
           0.21371053470490253,
           -0.12869030108071064,
           -0.08985939602803043,
           0.00596381237586612,
           0.013084132900609514,
           1,
           -0.12869030108071047,
           0.21780879339403897
          ],
          [
           -0.06844000535099141,
           0.05895775407790043,
           0.21744568927727898,
           0.9999999999999934,
           0.4386496218557906,
           0.40367320544672847,
           0.18719330162607303,
           -0.12869030108071047,
           1,
           0.07313282820569983
          ],
          [
           0.2218095277751812,
           0.47096794323014696,
           0.05730381994505842,
           0.07313282820569975,
           0.1172002423642094,
           0.2967276648831572,
           0.17563217141962645,
           0.21780879339403897,
           0.07313282820569983,
           1
          ]
         ],
         "zmax": 1,
         "zmin": -0.12869030108071064
        }
       ],
       "layout": {
        "legend": {
         "bgcolor": "#F5F6F9",
         "font": {
          "color": "#4D5663"
         }
        },
        "paper_bgcolor": "#F5F6F9",
        "plot_bgcolor": "#F5F6F9",
        "template": {
         "data": {
          "bar": [
           {
            "error_x": {
             "color": "#2a3f5f"
            },
            "error_y": {
             "color": "#2a3f5f"
            },
            "marker": {
             "line": {
              "color": "#E5ECF6",
              "width": 0.5
             }
            },
            "type": "bar"
           }
          ],
          "barpolar": [
           {
            "marker": {
             "line": {
              "color": "#E5ECF6",
              "width": 0.5
             }
            },
            "type": "barpolar"
           }
          ],
          "carpet": [
           {
            "aaxis": {
             "endlinecolor": "#2a3f5f",
             "gridcolor": "white",
             "linecolor": "white",
             "minorgridcolor": "white",
             "startlinecolor": "#2a3f5f"
            },
            "baxis": {
             "endlinecolor": "#2a3f5f",
             "gridcolor": "white",
             "linecolor": "white",
             "minorgridcolor": "white",
             "startlinecolor": "#2a3f5f"
            },
            "type": "carpet"
           }
          ],
          "choropleth": [
           {
            "colorbar": {
             "outlinewidth": 0,
             "ticks": ""
            },
            "type": "choropleth"
           }
          ],
          "contour": [
           {
            "colorbar": {
             "outlinewidth": 0,
             "ticks": ""
            },
            "colorscale": [
             [
              0,
              "#0d0887"
             ],
             [
              0.1111111111111111,
              "#46039f"
             ],
             [
              0.2222222222222222,
              "#7201a8"
             ],
             [
              0.3333333333333333,
              "#9c179e"
             ],
             [
              0.4444444444444444,
              "#bd3786"
             ],
             [
              0.5555555555555556,
              "#d8576b"
             ],
             [
              0.6666666666666666,
              "#ed7953"
             ],
             [
              0.7777777777777778,
              "#fb9f3a"
             ],
             [
              0.8888888888888888,
              "#fdca26"
             ],
             [
              1,
              "#f0f921"
             ]
            ],
            "type": "contour"
           }
          ],
          "contourcarpet": [
           {
            "colorbar": {
             "outlinewidth": 0,
             "ticks": ""
            },
            "type": "contourcarpet"
           }
          ],
          "heatmap": [
           {
            "colorbar": {
             "outlinewidth": 0,
             "ticks": ""
            },
            "colorscale": [
             [
              0,
              "#0d0887"
             ],
             [
              0.1111111111111111,
              "#46039f"
             ],
             [
              0.2222222222222222,
              "#7201a8"
             ],
             [
              0.3333333333333333,
              "#9c179e"
             ],
             [
              0.4444444444444444,
              "#bd3786"
             ],
             [
              0.5555555555555556,
              "#d8576b"
             ],
             [
              0.6666666666666666,
              "#ed7953"
             ],
             [
              0.7777777777777778,
              "#fb9f3a"
             ],
             [
              0.8888888888888888,
              "#fdca26"
             ],
             [
              1,
              "#f0f921"
             ]
            ],
            "type": "heatmap"
           }
          ],
          "heatmapgl": [
           {
            "colorbar": {
             "outlinewidth": 0,
             "ticks": ""
            },
            "colorscale": [
             [
              0,
              "#0d0887"
             ],
             [
              0.1111111111111111,
              "#46039f"
             ],
             [
              0.2222222222222222,
              "#7201a8"
             ],
             [
              0.3333333333333333,
              "#9c179e"
             ],
             [
              0.4444444444444444,
              "#bd3786"
             ],
             [
              0.5555555555555556,
              "#d8576b"
             ],
             [
              0.6666666666666666,
              "#ed7953"
             ],
             [
              0.7777777777777778,
              "#fb9f3a"
             ],
             [
              0.8888888888888888,
              "#fdca26"
             ],
             [
              1,
              "#f0f921"
             ]
            ],
            "type": "heatmapgl"
           }
          ],
          "histogram": [
           {
            "marker": {
             "colorbar": {
              "outlinewidth": 0,
              "ticks": ""
             }
            },
            "type": "histogram"
           }
          ],
          "histogram2d": [
           {
            "colorbar": {
             "outlinewidth": 0,
             "ticks": ""
            },
            "colorscale": [
             [
              0,
              "#0d0887"
             ],
             [
              0.1111111111111111,
              "#46039f"
             ],
             [
              0.2222222222222222,
              "#7201a8"
             ],
             [
              0.3333333333333333,
              "#9c179e"
             ],
             [
              0.4444444444444444,
              "#bd3786"
             ],
             [
              0.5555555555555556,
              "#d8576b"
             ],
             [
              0.6666666666666666,
              "#ed7953"
             ],
             [
              0.7777777777777778,
              "#fb9f3a"
             ],
             [
              0.8888888888888888,
              "#fdca26"
             ],
             [
              1,
              "#f0f921"
             ]
            ],
            "type": "histogram2d"
           }
          ],
          "histogram2dcontour": [
           {
            "colorbar": {
             "outlinewidth": 0,
             "ticks": ""
            },
            "colorscale": [
             [
              0,
              "#0d0887"
             ],
             [
              0.1111111111111111,
              "#46039f"
             ],
             [
              0.2222222222222222,
              "#7201a8"
             ],
             [
              0.3333333333333333,
              "#9c179e"
             ],
             [
              0.4444444444444444,
              "#bd3786"
             ],
             [
              0.5555555555555556,
              "#d8576b"
             ],
             [
              0.6666666666666666,
              "#ed7953"
             ],
             [
              0.7777777777777778,
              "#fb9f3a"
             ],
             [
              0.8888888888888888,
              "#fdca26"
             ],
             [
              1,
              "#f0f921"
             ]
            ],
            "type": "histogram2dcontour"
           }
          ],
          "mesh3d": [
           {
            "colorbar": {
             "outlinewidth": 0,
             "ticks": ""
            },
            "type": "mesh3d"
           }
          ],
          "parcoords": [
           {
            "line": {
             "colorbar": {
              "outlinewidth": 0,
              "ticks": ""
             }
            },
            "type": "parcoords"
           }
          ],
          "pie": [
           {
            "automargin": true,
            "type": "pie"
           }
          ],
          "scatter": [
           {
            "marker": {
             "colorbar": {
              "outlinewidth": 0,
              "ticks": ""
             }
            },
            "type": "scatter"
           }
          ],
          "scatter3d": [
           {
            "line": {
             "colorbar": {
              "outlinewidth": 0,
              "ticks": ""
             }
            },
            "marker": {
             "colorbar": {
              "outlinewidth": 0,
              "ticks": ""
             }
            },
            "type": "scatter3d"
           }
          ],
          "scattercarpet": [
           {
            "marker": {
             "colorbar": {
              "outlinewidth": 0,
              "ticks": ""
             }
            },
            "type": "scattercarpet"
           }
          ],
          "scattergeo": [
           {
            "marker": {
             "colorbar": {
              "outlinewidth": 0,
              "ticks": ""
             }
            },
            "type": "scattergeo"
           }
          ],
          "scattergl": [
           {
            "marker": {
             "colorbar": {
              "outlinewidth": 0,
              "ticks": ""
             }
            },
            "type": "scattergl"
           }
          ],
          "scattermapbox": [
           {
            "marker": {
             "colorbar": {
              "outlinewidth": 0,
              "ticks": ""
             }
            },
            "type": "scattermapbox"
           }
          ],
          "scatterpolar": [
           {
            "marker": {
             "colorbar": {
              "outlinewidth": 0,
              "ticks": ""
             }
            },
            "type": "scatterpolar"
           }
          ],
          "scatterpolargl": [
           {
            "marker": {
             "colorbar": {
              "outlinewidth": 0,
              "ticks": ""
             }
            },
            "type": "scatterpolargl"
           }
          ],
          "scatterternary": [
           {
            "marker": {
             "colorbar": {
              "outlinewidth": 0,
              "ticks": ""
             }
            },
            "type": "scatterternary"
           }
          ],
          "surface": [
           {
            "colorbar": {
             "outlinewidth": 0,
             "ticks": ""
            },
            "colorscale": [
             [
              0,
              "#0d0887"
             ],
             [
              0.1111111111111111,
              "#46039f"
             ],
             [
              0.2222222222222222,
              "#7201a8"
             ],
             [
              0.3333333333333333,
              "#9c179e"
             ],
             [
              0.4444444444444444,
              "#bd3786"
             ],
             [
              0.5555555555555556,
              "#d8576b"
             ],
             [
              0.6666666666666666,
              "#ed7953"
             ],
             [
              0.7777777777777778,
              "#fb9f3a"
             ],
             [
              0.8888888888888888,
              "#fdca26"
             ],
             [
              1,
              "#f0f921"
             ]
            ],
            "type": "surface"
           }
          ],
          "table": [
           {
            "cells": {
             "fill": {
              "color": "#EBF0F8"
             },
             "line": {
              "color": "white"
             }
            },
            "header": {
             "fill": {
              "color": "#C8D4E3"
             },
             "line": {
              "color": "white"
             }
            },
            "type": "table"
           }
          ]
         },
         "layout": {
          "annotationdefaults": {
           "arrowcolor": "#2a3f5f",
           "arrowhead": 0,
           "arrowwidth": 1
          },
          "coloraxis": {
           "colorbar": {
            "outlinewidth": 0,
            "ticks": ""
           }
          },
          "colorscale": {
           "diverging": [
            [
             0,
             "#8e0152"
            ],
            [
             0.1,
             "#c51b7d"
            ],
            [
             0.2,
             "#de77ae"
            ],
            [
             0.3,
             "#f1b6da"
            ],
            [
             0.4,
             "#fde0ef"
            ],
            [
             0.5,
             "#f7f7f7"
            ],
            [
             0.6,
             "#e6f5d0"
            ],
            [
             0.7,
             "#b8e186"
            ],
            [
             0.8,
             "#7fbc41"
            ],
            [
             0.9,
             "#4d9221"
            ],
            [
             1,
             "#276419"
            ]
           ],
           "sequential": [
            [
             0,
             "#0d0887"
            ],
            [
             0.1111111111111111,
             "#46039f"
            ],
            [
             0.2222222222222222,
             "#7201a8"
            ],
            [
             0.3333333333333333,
             "#9c179e"
            ],
            [
             0.4444444444444444,
             "#bd3786"
            ],
            [
             0.5555555555555556,
             "#d8576b"
            ],
            [
             0.6666666666666666,
             "#ed7953"
            ],
            [
             0.7777777777777778,
             "#fb9f3a"
            ],
            [
             0.8888888888888888,
             "#fdca26"
            ],
            [
             1,
             "#f0f921"
            ]
           ],
           "sequentialminus": [
            [
             0,
             "#0d0887"
            ],
            [
             0.1111111111111111,
             "#46039f"
            ],
            [
             0.2222222222222222,
             "#7201a8"
            ],
            [
             0.3333333333333333,
             "#9c179e"
            ],
            [
             0.4444444444444444,
             "#bd3786"
            ],
            [
             0.5555555555555556,
             "#d8576b"
            ],
            [
             0.6666666666666666,
             "#ed7953"
            ],
            [
             0.7777777777777778,
             "#fb9f3a"
            ],
            [
             0.8888888888888888,
             "#fdca26"
            ],
            [
             1,
             "#f0f921"
            ]
           ]
          },
          "colorway": [
           "#636efa",
           "#EF553B",
           "#00cc96",
           "#ab63fa",
           "#FFA15A",
           "#19d3f3",
           "#FF6692",
           "#B6E880",
           "#FF97FF",
           "#FECB52"
          ],
          "font": {
           "color": "#2a3f5f"
          },
          "geo": {
           "bgcolor": "white",
           "lakecolor": "white",
           "landcolor": "#E5ECF6",
           "showlakes": true,
           "showland": true,
           "subunitcolor": "white"
          },
          "hoverlabel": {
           "align": "left"
          },
          "hovermode": "closest",
          "mapbox": {
           "style": "light"
          },
          "paper_bgcolor": "white",
          "plot_bgcolor": "#E5ECF6",
          "polar": {
           "angularaxis": {
            "gridcolor": "white",
            "linecolor": "white",
            "ticks": ""
           },
           "bgcolor": "#E5ECF6",
           "radialaxis": {
            "gridcolor": "white",
            "linecolor": "white",
            "ticks": ""
           }
          },
          "scene": {
           "xaxis": {
            "backgroundcolor": "#E5ECF6",
            "gridcolor": "white",
            "gridwidth": 2,
            "linecolor": "white",
            "showbackground": true,
            "ticks": "",
            "zerolinecolor": "white"
           },
           "yaxis": {
            "backgroundcolor": "#E5ECF6",
            "gridcolor": "white",
            "gridwidth": 2,
            "linecolor": "white",
            "showbackground": true,
            "ticks": "",
            "zerolinecolor": "white"
           },
           "zaxis": {
            "backgroundcolor": "#E5ECF6",
            "gridcolor": "white",
            "gridwidth": 2,
            "linecolor": "white",
            "showbackground": true,
            "ticks": "",
            "zerolinecolor": "white"
           }
          },
          "shapedefaults": {
           "line": {
            "color": "#2a3f5f"
           }
          },
          "ternary": {
           "aaxis": {
            "gridcolor": "white",
            "linecolor": "white",
            "ticks": ""
           },
           "baxis": {
            "gridcolor": "white",
            "linecolor": "white",
            "ticks": ""
           },
           "bgcolor": "#E5ECF6",
           "caxis": {
            "gridcolor": "white",
            "linecolor": "white",
            "ticks": ""
           }
          },
          "title": {
           "x": 0.05
          },
          "xaxis": {
           "automargin": true,
           "gridcolor": "white",
           "linecolor": "white",
           "ticks": "",
           "title": {
            "standoff": 15
           },
           "zerolinecolor": "white",
           "zerolinewidth": 2
          },
          "yaxis": {
           "automargin": true,
           "gridcolor": "white",
           "linecolor": "white",
           "ticks": "",
           "title": {
            "standoff": 15
           },
           "zerolinecolor": "white",
           "zerolinewidth": 2
          }
         }
        },
        "title": {
         "font": {
          "color": "#4D5663"
         }
        },
        "xaxis": {
         "gridcolor": "#E1E5ED",
         "showgrid": true,
         "tickfont": {
          "color": "#4D5663"
         },
         "title": {
          "font": {
           "color": "#4D5663"
          },
          "text": ""
         },
         "zerolinecolor": "#E1E5ED"
        },
        "yaxis": {
         "gridcolor": "#E1E5ED",
         "showgrid": true,
         "tickfont": {
          "color": "#4D5663"
         },
         "title": {
          "font": {
           "color": "#4D5663"
          },
          "text": ""
         },
         "zerolinecolor": "#E1E5ED"
        }
       }
      },
      "text/html": [
       "<div>\n",
       "        \n",
       "        \n",
       "            <div id=\"7900aba4-ceed-4b18-9589-637206f89737\" class=\"plotly-graph-div\" style=\"height:525px; width:100%;\"></div>\n",
       "            <script type=\"text/javascript\">\n",
       "                require([\"plotly\"], function(Plotly) {\n",
       "                    window.PLOTLYENV=window.PLOTLYENV || {};\n",
       "                    window.PLOTLYENV.BASE_URL='https://plot.ly';\n",
       "                    \n",
       "                if (document.getElementById(\"7900aba4-ceed-4b18-9589-637206f89737\")) {\n",
       "                    Plotly.newPlot(\n",
       "                        '7900aba4-ceed-4b18-9589-637206f89737',\n",
       "                        [{\"colorscale\": [[0.0, \"rgb(255, 153, 51)\"], [0.1111111111111111, \"rgb(55, 128, 191)\"], [0.2222222222222222, \"rgb(50, 171, 96)\"], [0.3333333333333333, \"rgb(128, 0, 128)\"], [0.4444444444444444, \"rgb(219, 64, 82)\"], [0.5555555555555556, \"rgb(0, 128, 128)\"], [0.6666666666666666, \"rgb(255, 255, 51)\"], [0.7777777777777778, \"rgb(128, 128, 0)\"], [0.8888888888888888, \"rgb(251, 128, 114)\"], [1.0, \"rgb(128, 177, 211)\"]], \"type\": \"heatmap\", \"x\": [\"num_preg\", \"glucose_conc\", \"diastolic_bp\", \"thickness\", \"insulin\", \"bmi\", \"diab_pred\", \"age\", \"skin\", \"diabetes\"], \"y\": [\"num_preg\", \"glucose_conc\", \"diastolic_bp\", \"thickness\", \"insulin\", \"bmi\", \"diab_pred\", \"age\", \"skin\", \"diabetes\"], \"z\": [[1.0, 0.11310642068494893, 0.12924351478441978, -0.06844000535099158, -0.0647737314300797, 0.013869036537558225, -0.0056228219426940245, 0.5475358398973866, -0.06844000535099141, 0.2218095277751812], [0.11310642068494893, 1.0, 0.13206102616804258, 0.05895775407790056, 0.31137262328452897, 0.2090339021831938, 0.12267584034745843, 0.2403905590198253, 0.05895775407790043, 0.47096794323014696], [0.12924351478441978, 0.13206102616804258, 1.0, 0.2174456892772791, 0.0866871801750336, 0.2578665076191638, 0.02696461465334174, 0.21371053470490253, 0.21744568927727898, 0.05730381994505842], [-0.06844000535099158, 0.05895775407790056, 0.2174456892772791, 1.0, 0.4386496218557913, 0.40367320544672913, 0.18719330162607342, -0.12869030108071064, 0.9999999999999934, 0.07313282820569975], [-0.0647737314300797, 0.31137262328452897, 0.0866871801750336, 0.4386496218557913, 1.0, 0.20734076110188487, 0.20506408622844008, -0.08985939602803043, 0.4386496218557906, 0.1172002423642094], [0.013869036537558225, 0.2090339021831938, 0.2578665076191638, 0.40367320544672913, 0.20734076110188487, 1.0, 0.11327466050930501, 0.00596381237586612, 0.40367320544672847, 0.2967276648831572], [-0.0056228219426940245, 0.12267584034745843, 0.02696461465334174, 0.18719330162607342, 0.20506408622844008, 0.11327466050930501, 1.0, 0.013084132900609514, 0.18719330162607303, 0.17563217141962645], [0.5475358398973866, 0.2403905590198253, 0.21371053470490253, -0.12869030108071064, -0.08985939602803043, 0.00596381237586612, 0.013084132900609514, 1.0, -0.12869030108071047, 0.21780879339403897], [-0.06844000535099141, 0.05895775407790043, 0.21744568927727898, 0.9999999999999934, 0.4386496218557906, 0.40367320544672847, 0.18719330162607303, -0.12869030108071047, 1.0, 0.07313282820569983], [0.2218095277751812, 0.47096794323014696, 0.05730381994505842, 0.07313282820569975, 0.1172002423642094, 0.2967276648831572, 0.17563217141962645, 0.21780879339403897, 0.07313282820569983, 1.0]], \"zmax\": 1.0, \"zmin\": -0.12869030108071064}],\n",
